%YAML:1.0
---
R: !!opencv-matrix
   rows: 3
   cols: 3
   dt: d
   data: [ 0.99992610163598061, 0.0031093372279428636,
       -0.011752586484409142, -0.0029215649777395462, 0.9998683525342914,
       0.015960640915793325, 0.011800666301164253, -0.015925125505470244,
       0.9998035480295534 ]
t: !!opencv-matrix
   rows: 3
   cols: 1
   dt: d
   data: [ -0.0010144083345573318, 0.055970957007999381,
       -0.0026685702155647304 ]
rms: 0.88140305997317836
note: stereoCalibrate (pair images)
