%YAML:1.0
---
R: !!opencv-matrix
   rows: 3
   cols: 3
   dt: d
   data: [ 0.99992610163597861, 0.0031093372279412525,
       -0.011752586484581173, -0.0029215649777351162,
       0.99986835253429129, 0.015960640915797103, 0.011800666301336252,
       -0.015925125505473529, 0.99980354802955129 ]
t: !!opencv-matrix
   rows: 3
   cols: 1
   dt: d
   data: [ -0.00073262818564100445, 0.040423465861214349,
       -0.0019273005639769858 ]
rms: 0.88140305997321977
note: stereoCalibrate (pair images)
