%YAML:1.0
---
K: !!opencv-matrix
   rows: 3
   cols: 3
   dt: d
   data: [ 399.1003903185877, 0., 650.25740252369292, 0.,
       399.07582100660517, 297.43937615597468, 0., 0., 1. ]
dist: !!opencv-matrix
   rows: 1
   cols: 5
   dt: d
   data: [ -0.06531576443301973, 0.14736403982003737,
       -0.00026286785116238999, -0.00046065988932416556,
       -0.12071725707547863 ]
width: 1280
height: 720
rms: 0.20243817557043522
