%YAML:1.0
---
K: !!opencv-matrix
   rows: 3
   cols: 3
   dt: d
   data: [ 912.69633124758468, 0., 687.09644077821304, 0.,
       912.80156220057972, 334.7203312025801, 0., 0., 1. ]
dist: !!opencv-matrix
   rows: 1
   cols: 5
   dt: d
   data: [ 0.043603837055883297, -0.069718707259825638,
       -8.5357143401046208e-05, -0.0014311383913928387,
       0.020771840429723524 ]
width: 1280
height: 720
rms: 0.14949460719683016
