%YAML:1.0
---
K: !!opencv-matrix
   rows: 3
   cols: 3
   dt: d
   data: [ 912.6963312475649, 0., 687.09644077836981, 0.,
       912.80156220055096, 334.72033120257754, 0., 0., 1. ]
dist: !!opencv-matrix
   rows: 1
   cols: 5
   dt: d
   data: [ 0.043603837055882867, -0.069718707259798202,
       -8.5357143401720162e-05, -0.0014311383913319813,
       0.020771840429743879 ]
width: 1280
height: 720
rms: 0.14949460719682983
