%YAML:1.0
---
K: !!opencv-matrix
   rows: 3
   cols: 3
   dt: d
   data: [ 399.10039031858793, 0., 650.25740252369235, 0.,
       399.07582100660539, 297.43937615597537, 0., 0., 1. ]
dist: !!opencv-matrix
   rows: 1
   cols: 5
   dt: d
   data: [ -0.065315764433019036, 0.14736403982003649,
       -0.00026286785116212436, -0.00046065988932463323,
       -0.12071725707547799 ]
width: 1280
height: 720
rms: 0.20243817557043595
